0.000000 10.000000 -0.090000 100.000000
0.100000 20.000000 -0.259550 100.000000
0.200000 30.000000 -0.498252 100.000000
0.300000 40.000000 -0.795761 100.000000
0.400000 50.000000 -1.141782 100.000000
0.500000 60.000000 -1.526073 100.000000
0.600000 70.000000 -1.938443 100.000000
0.700000 80.000000 -2.368751 100.000000
0.800000 90.000000 -2.806907 100.000000
0.900000 100.000000 -3.242873 100.000000
1.000000 110.000000 -3.666659 100.000000
1.100000 120.000000 -4.068326 100.000000
1.200000 130.000000 -4.437984 100.000000
1.300000 140.000000 -4.765794 100.000000
1.400000 150.000000 -5.041965 100.000000
1.500000 160.000000 -5.256756 100.000000
1.600000 170.000000 -5.400472 100.000000
1.700000 180.000000 -5.463470 100.000000
1.800000 190.000000 -5.436152 100.000000
1.900000 200.000000 -5.308972 100.000000
2.000000 210.000000 -5.072427 100.000000
2.100000 220.000000 -4.717065 100.000000
2.200000 230.000000 -4.233479 100.000000
2.300000 240.000000 -3.612312 100.000000
2.400000 250.000000 -2.844250 100.000000
2.500000 247.100967 -1.932928 100.000000
2.600000 237.100967 -0.889062 100.000000
2.700000 227.100967 0.276687 100.000000
2.799999 217.100967 1.553707 100.000000
2.899999 207.100967 2.931443 100.000000
2.999999 197.100967 4.399392 100.000000
3.099999 187.100967 5.947102 100.000000
3.199999 177.100967 7.564174 100.000000
3.299999 167.100967 9.240261 100.000000
3.399999 157.100967 10.965070 100.000000
3.499999 147.100967 12.728355 100.000000
3.599999 137.100967 14.519925 100.000000
3.699999 127.100967 16.329638 100.000000
3.799999 117.100967 18.147404 100.000000
3.899998 108.711014 19.964790 100.000000
3.999998 105.153458 21.778244 100.000000
4.099998 101.907349 23.584538 100.000000
4.199998 98.951172 25.380751 100.000000
4.299998 96.264221 27.164248 100.000000
4.399998 93.827301 28.932653 100.000000
4.499998 91.622726 30.683840 100.000000
4.599998 89.633530 32.415905 100.000000
4.699998 87.843933 34.127151 100.000000
4.799998 86.239944 35.816082 100.000000
4.899998 84.807175 37.481377 100.000000
4.999998 83.533081 39.121880 100.000000
5.099998 82.405914 40.736584 100.000000
5.199997 81.415039 42.324631 100.000000
5.299997 80.549210 43.885284 100.000000
5.399997 79.799652 45.417934 100.000000
5.499997 79.156616 46.922081 100.000000
5.599997 78.611572 48.397316 100.000000
5.699997 78.157852 49.843334 100.000000
5.799997 77.786911 51.259907 100.000000
5.899997 77.492950 52.646893 100.000000
5.999997 77.268555 54.004211 100.000000
6.099997 77.108826 55.331852 100.000000
6.199996 77.007935 56.629864 100.000000
6.299996 76.960449 57.898346 100.000000
6.399996 76.962158 59.137447 100.000000
6.499996 77.008453 60.347359 100.000000
6.599996 77.095551 61.528316 100.000000
6.699996 77.218781 62.680588 100.000000
6.799996 77.375275 63.804474 100.000000
6.899996 77.561462 64.900307 100.000000
6.999996 77.773926 65.968430 100.000000
7.099996 78.011597 67.009224 100.000000
7.199996 78.269989 68.023087 100.000000
7.299995 78.547089 69.010422 100.000000
7.399995 78.841888 69.971664 100.000000
7.499995 79.150360 70.907249 100.000000
7.599995 79.472137 71.817635 100.000000
7.699995 79.803955 72.703270 100.000000
7.799995 80.146088 73.564621 100.000000
7.899995 80.496185 74.402161 100.000000
7.999995 80.852570 75.216370 100.000000
8.099995 81.213562 76.007721 100.000000
8.199995 81.579193 76.776695 100.000000
8.299995 81.947784 77.523773 100.000000
8.399996 82.318329 78.249428 100.000000
8.499996 82.690918 78.954147 100.000000
8.599997 83.062714 79.638405 100.000000
8.699997 83.434570 80.302673 100.000000
8.799997 83.805420 80.947433 100.000000
8.899998 84.173370 81.573143 100.000000
8.999998 84.540100 82.180260 100.000000
9.099998 84.904602 82.769249 100.000000
9.199999 85.264893 83.340553 100.000000
9.299999 85.622589 83.894623 100.000000
9.400000 85.975800 84.431900 100.000000
9.500000 86.324371 84.952820 100.000000
9.600000 86.668060 85.457802 100.000000
9.700001 87.007660 85.947266 100.000000
9.800001 87.342224 86.421623 100.000000
9.900002 87.671539 86.881279 100.000000
10.000002 87.995514 87.326630 100.000000
10.100002 88.313995 87.758072 100.000000
10.200003 88.626038 88.175980 100.000000
10.300003 88.933289 88.580734 100.000000
10.400003 89.233917 88.972702 100.000000
10.500004 89.528687 89.352234 100.000000
10.600004 89.818512 89.719688 100.000000
10.700005 90.101593 90.075409 100.000000
10.800005 90.378693 90.419724 100.000000
10.900005 90.650818 90.752968 100.000000
11.000006 90.916107 91.075462 100.000000
11.100006 91.175537 91.387520 100.000000
11.200006 91.429077 91.689445 100.000000
11.300007 91.676880 91.981544 100.000000
11.400007 91.918030 92.264099 100.000000
11.500008 92.154480 92.537392 100.000000
11.600008 92.385406 92.801704 100.000000
11.700008 92.610077 93.057304 100.000000
11.800009 92.829498 93.304459 100.000000
11.900009 93.042969 93.543419 100.000000
12.000010 93.251465 93.774437 100.000000
12.100010 93.454376 93.997757 100.000000
12.200010 93.651886 94.213608 100.000000
12.300011 93.845062 94.422226 100.000000
12.400011 94.032410 94.623833 100.000000
12.500011 94.215088 94.818649 100.000000
12.600012 94.392456 95.006882 100.000000
12.700012 94.565674 95.188736 100.000000
12.800013 94.734192 95.364418 100.000000
12.900013 94.897400 95.534119 100.000000
13.000013 95.056549 95.698029 100.000000
13.100014 95.211029 95.856331 100.000000
13.200014 95.361237 96.009201 100.000000
13.300014 95.507568 96.156815 100.000000
13.400015 95.649506 96.299339 100.000000
13.500015 95.787445 96.436943 100.000000
13.600016 95.920898 96.569778 100.000000
13.700016 96.051208 96.697998 100.000000
13.800016 96.177856 96.821754 100.000000
13.900017 96.300507 96.941193 100.000000
14.000017 96.419586 97.056458 100.000000
14.100018 96.534637 97.167679 100.000000
14.200018 96.647064 97.274986 100.000000
14.300018 96.756470 97.378517 100.000000
14.400019 96.861633 97.478394 100.000000
14.500019 96.963867 97.574730 100.000000
14.600019 97.063751 97.667648 100.000000
14.700020 97.160095 97.757263 100.000000
14.800020 97.253357 97.843681 100.000000
14.900021 97.344177 97.927017 100.000000
15.000021 97.431274 98.007362 100.000000
15.100021 97.517090 98.084824 100.000000
15.200022 97.599487 98.159500 100.000000
15.300022 97.679077 98.231483 100.000000
15.400023 97.756470 98.300865 100.000000
15.500023 97.831360 98.367729 100.000000
15.600023 97.904388 98.432159 100.000000
15.700024 97.975342 98.494247 100.000000
15.800024 98.043060 98.554070 100.000000
15.900024 98.109039 98.611702 100.000000
16.000025 98.173035 98.667213 100.000000
16.100025 98.235809 98.720688 100.000000
16.200026 98.295258 98.772186 100.000000
16.300026 98.353912 98.821785 100.000000
16.400026 98.409698 98.869545 100.000000
16.500027 98.464264 98.915527 100.000000
16.600027 98.517365 98.959801 100.000000
16.700027 98.567963 99.002419 100.000000
16.800028 98.617615 99.043442 100.000000
16.900028 98.665283 99.082924 100.000000
17.000029 98.711700 99.120918 100.000000
17.100029 98.756683 99.157478 100.000000
17.200029 98.800079 99.192657 100.000000
17.300030 98.841675 99.226501 100.000000
17.400030 98.882263 99.259064 100.000000
17.500031 98.920807 99.290382 100.000000
17.600031 98.958893 99.320503 100.000000
17.700031 98.995544 99.349464 100.000000
17.800032 99.031525 99.377312 100.000000
17.900032 99.065796 99.404091 100.000000
18.000032 99.098267 99.429832 100.000000
18.100033 99.130493 99.454575 100.000000
18.200033 99.161591 99.478355 100.000000
18.300034 99.191376 99.501213 100.000000
18.400034 99.219757 99.523170 100.000000
18.500034 99.248413 99.544266 100.000000
18.600035 99.275452 99.564537 100.000000
18.700035 99.300781 99.584007 100.000000
18.800035 99.326050 99.602707 100.000000
18.900036 99.350342 99.620659 100.000000
19.000036 99.374451 99.637894 100.000000
19.100037 99.397369 99.654442 100.000000
19.200037 99.419006 99.670326 100.000000
19.300037 99.440216 99.685570 100.000000
19.400038 99.460815 99.700203 100.000000
19.500038 99.479950 99.714241 100.000000
19.600039 99.499298 99.727707 100.000000
19.700039 99.517883 99.740623 100.000000
19.800039 99.535675 99.753014 100.000000
19.900040 99.552551 99.764893 100.000000
20.000040 99.569366 99.776283 100.000000
20.100040 99.585144 99.787201 100.000000
20.200041 99.600769 99.797661 100.000000
20.300041 99.616150 99.807686 100.000000
20.400042 99.630310 99.817291 100.000000
20.500042 99.644165 99.826492 100.000000
20.600042 99.657623 99.835304 100.000000
20.700043 99.670593 99.843742 100.000000
20.800043 99.683105 99.851822 100.000000
20.900043 99.695038 99.859558 100.000000
21.000044 99.706360 99.866966 100.000000
21.100044 99.717072 99.874054 100.000000
21.200045 99.727936 99.880829 100.000000
21.300045 99.739014 99.887314 100.000000
21.400045 99.748444 99.893509 100.000000
21.500046 99.758850 99.899437 100.000000
21.600046 99.767548 99.905098 100.000000
21.700047 99.777161 99.910507 100.000000
21.800047 99.785858 99.915680 100.000000
21.900047 99.793671 99.920616 100.000000
22.000048 99.802216 99.925331 100.000000
22.100048 99.809814 99.929832 100.000000
22.200048 99.817291 99.934128 100.000000
22.300049 99.824554 99.938232 100.000000
22.400049 99.830780 99.942146 100.000000
22.500050 99.837585 99.945877 100.000000
22.600050 99.844208 99.949432 100.000000
22.700050 99.850586 99.952820 100.000000
22.800051 99.856628 99.956047 100.000000
22.900051 99.862396 99.959122 100.000000
23.000051 99.867798 99.962051 100.000000
23.100052 99.872833 99.964836 100.000000
23.200052 99.878387 99.967484 100.000000
23.300053 99.883575 99.970001 100.000000
23.400053 99.888306 99.972397 100.000000
23.500053 99.892639 99.974670 100.000000
23.600054 99.897369 99.976830 100.000000
23.700054 99.901672 99.978882 100.000000
23.800055 99.905426 99.980827 100.000000
23.900055 99.909607 99.982674 100.000000
24.000055 99.913269 99.984428 100.000000
24.100056 99.916351 99.986084 100.000000
24.200056 99.920685 99.987656 100.000000
24.300056 99.923584 99.989143 100.000000
24.400057 99.926819 99.990547 100.000000
24.500057 99.930328 99.991875 100.000000
24.600058 99.933228 99.993134 100.000000
24.700058 99.935516 99.994316 100.000000
24.800058 99.938995 99.995438 100.000000
24.900059 99.940948 99.996490 100.000000
25.000059 99.944000 99.997482 100.000000
25.100060 99.946411 99.998413 100.000000
25.200060 99.949066 99.999290 100.000000
25.300060 99.951019 100.000114 100.000000
25.400061 99.953186 100.000893 100.000000
25.500061 99.954651 100.001617 100.000000
25.600061 99.957245 100.002296 100.000000
25.700062 99.959076 100.002930 100.000000
25.800062 99.961151 100.003525 100.000000
25.900063 99.962433 100.004074 100.000000
26.000063 99.964813 100.004585 100.000000
26.100063 99.966431 100.005066 100.000000
26.200064 99.967316 100.005508 100.000000
26.300064 99.969208 100.005920 100.000000
26.400064 99.970367 100.006302 100.000000
26.500065 99.971619 100.006653 100.000000
26.600065 99.973022 100.006973 100.000000
26.700066 99.974579 100.007263 100.000000
26.800066 99.976196 100.007530 100.000000
26.900066 99.977081 100.007774 100.000000
27.000067 99.978058 100.007996 100.000000
27.100067 99.979095 100.008194 100.000000
27.200068 99.980286 100.008369 100.000000
27.300068 99.981506 100.008530 100.000000
27.400068 99.981934 100.008667 100.000000
27.500069 99.983337 100.008789 100.000000
27.600069 99.983978 100.008896 100.000000
27.700069 99.984650 100.008987 100.000000
27.800070 99.985382 100.009064 100.000000
27.900070 99.986176 100.009125 100.000000
28.000071 99.987061 100.009171 100.000000
28.100071 99.988007 100.009201 100.000000
28.200071 99.989044 100.009224 100.000000
28.300072 99.989258 100.009239 100.000000
28.400072 99.989441 100.009239 100.000000
28.500072 99.990631 100.009232 100.000000
28.600073 99.990967 100.009216 100.000000
28.700073 99.991364 100.009193 100.000000
28.800074 99.991730 100.009163 100.000000
28.900074 99.992188 100.009125 100.000000
29.000074 99.992676 100.009079 100.000000
29.100075 99.993195 100.009026 100.000000
29.200075 99.993744 100.008965 100.000000
29.300076 99.994324 100.008896 100.000000
29.400076 99.994965 100.008827 100.000000
29.500076 99.994720 100.008751 100.000000
29.600077 99.995392 100.008667 100.000000
29.700077 99.996124 100.008583 100.000000
29.800077 99.995972 100.008499 100.000000
29.900078 99.995850 100.008408 100.000000
